[gd_scene load_steps=17 format=3 uid="uid://cbl7se5e0dva1"]

[ext_resource type="PackedScene" uid="uid://wbkq07u6fye1" path="res://Art/hill.glb" id="1_i7hw4"]
[ext_resource type="Shader" path="res://Shaders/flat.gdshader" id="2_4emll"]
[ext_resource type="Texture2D" uid="uid://dbqxym24mwfjn" path="res://Art/Hill.png" id="3_0hilh"]
[ext_resource type="Shader" path="res://Shaders/grass.gdshader" id="3_ke1ge"]
[ext_resource type="Texture2D" uid="uid://caam5njhlc4gv" path="res://Art/hill_FlowerColor.png" id="3_qmyad"]
[ext_resource type="Texture2D" uid="uid://cryw6mcuop5qr" path="res://Art/Grass.png" id="4_rllk5"]
[ext_resource type="Texture2D" uid="uid://dajfx7tjwtndm" path="res://Art/noise.png" id="5_y4t5k"]
[ext_resource type="Texture2D" uid="uid://h67xxtn45jub" path="res://Art/BayerDither8x8.png" id="8_p187x"]
[ext_resource type="PackedScene" uid="uid://b8uiew0ntbdha" path="res://Scenes/butterfly.tscn" id="9_o0le3"]
[ext_resource type="Script" path="res://Scripts/Camera3D.gd" id="11_xif5f"]

[sub_resource type="ShaderMaterial" id="ShaderMaterial_3go3o"]
render_priority = -2
shader = ExtResource("2_4emll")
shader_parameter/color = Color(1, 1, 1, 1)
shader_parameter/cull = true
shader_parameter/view_radius = 0.67
shader_parameter/noise_scale = 1.0
shader_parameter/albedo = ExtResource("3_0hilh")
shader_parameter/noise = ExtResource("5_y4t5k")
shader_parameter/dither = ExtResource("8_p187x")

[sub_resource type="ShaderMaterial" id="ShaderMaterial_qo68r"]
render_priority = 0
shader = ExtResource("2_4emll")
shader_parameter/color = Color(1, 1, 1, 1)
shader_parameter/cull = true
shader_parameter/view_radius = 0.67
shader_parameter/noise_scale = 1.0
shader_parameter/albedo = ExtResource("3_qmyad")
shader_parameter/noise = ExtResource("5_y4t5k")
shader_parameter/dither = ExtResource("8_p187x")

[sub_resource type="ShaderMaterial" id="ShaderMaterial_0pnok"]
render_priority = 0
shader = ExtResource("3_ke1ge")
shader_parameter/view_radius = 0.67
shader_parameter/noise_scale = 1.0
shader_parameter/albedo = ExtResource("4_rllk5")
shader_parameter/noise = ExtResource("5_y4t5k")
shader_parameter/dither = ExtResource("8_p187x")

[sub_resource type="ProceduralSkyMaterial" id="ProceduralSkyMaterial_c44ru"]
sky_top_color = Color(0.235294, 0.517647, 0.909804, 1)
sky_horizon_color = Color(0.635294, 0.643137, 0.658824, 1)

[sub_resource type="Sky" id="Sky_2wl4q"]
sky_material = SubResource("ProceduralSkyMaterial_c44ru")

[sub_resource type="Environment" id="Environment_kkmoq"]
background_mode = 2
background_energy_multiplier = 1.2
sky = SubResource("Sky_2wl4q")
glow_enabled = true
glow_normalized = true
glow_intensity = 0.55
glow_strength = 0.47
glow_bloom = 1.0
glow_blend_mode = 0

[node name="Scene" instance=ExtResource("1_i7hw4")]

[node name="Hill" parent="." index="0"]
cast_shadow = 2
surface_material_override/0 = SubResource("ShaderMaterial_3go3o")
surface_material_override/1 = SubResource("ShaderMaterial_qo68r")
surface_material_override/2 = SubResource("ShaderMaterial_0pnok")

[node name="WorldEnvironment" type="WorldEnvironment" parent="." index="1"]
environment = SubResource("Environment_kkmoq")

[node name="Camera3D" type="Camera3D" parent="." index="2" node_paths=PackedStringArray("target")]
transform = Transform3D(1, 0, 0, 0, 0.952358, 0.304981, 0, -0.304981, 0.952358, 0, 0.586223, 1.12552)
current = true
fov = 65.0
script = ExtResource("11_xif5f")
target = NodePath("../Hill")
rotation_speed = 0.001

[node name="Flowers" type="Node3D" parent="." index="3"]

[node name="Flower" type="Node3D" parent="Flowers" index="0"]
transform = Transform3D(1, 0, 0, 0, 1, 0, 0, 0, 1, -0.778568, 0.140255, -0.246957)

[node name="Flower2" type="Node3D" parent="Flowers" index="1"]
transform = Transform3D(1, 0, 0, 0, 1, 0, 0, 0, 1, -0.568509, 0.140544, -0.565116)

[node name="Flower3" type="Node3D" parent="Flowers" index="2"]
transform = Transform3D(1, 0, 0, 0, 1, 0, 0, 0, 1, 0.589438, 0.129677, -0.54048)

[node name="Flower4" type="Node3D" parent="Flowers" index="3"]
transform = Transform3D(1, 0, 0, 0, 1, 0, 0, 0, 1, 0.620165, 0.139763, 0.0223719)

[node name="Flower5" type="Node3D" parent="Flowers" index="4"]
transform = Transform3D(1, 0, 0, 0, 1, 0, 0, 0, 1, 0.373537, 0.139762, 0.720271)

[node name="Flower6" type="Node3D" parent="Flowers" index="5"]
transform = Transform3D(1, 0, 0, 0, 1, 0, 0, 0, 1, -0.53455, 0.277883, 0.083261)

[node name="Flower7" type="Node3D" parent="Flowers" index="6"]
transform = Transform3D(1, 0, 0, 0, 1, 0, 0, 0, 1, 0.0857916, 0.477692, -0.154393)

[node name="Flower8" type="Node3D" parent="Flowers" index="7"]
transform = Transform3D(1, 0, 0, 0, 1, 0, 0, 0, 1, 0.157997, 0.302779, -0.374304)

[node name="Butterflies" type="Node3D" parent="." index="4"]

[node name="Butterfly" parent="Butterflies" index="0" node_paths=PackedStringArray("targets_parent") instance=ExtResource("9_o0le3")]
targets_parent = NodePath("../../Flowers")

[node name="Butterfly2" parent="Butterflies" index="1" node_paths=PackedStringArray("targets_parent") instance=ExtResource("9_o0le3")]
transform = Transform3D(-4.37114e-08, 0.788011, 0.615662, 0, 0.615662, -0.788011, -1, -3.4445e-08, -2.69114e-08, 0.634369, 0.604563, 0)
targets_parent = NodePath("../../Flowers")

[node name="Butterfly3" parent="Butterflies" index="2" node_paths=PackedStringArray("targets_parent") instance=ExtResource("9_o0le3")]
transform = Transform3D(-4.37114e-08, 0.788011, 0.615662, 0, 0.615662, -0.788011, -1, -3.4445e-08, -2.69114e-08, 0.0523286, 0.604563, 0.523219)
targets_parent = NodePath("../../Flowers")

[node name="Butterfly4" parent="Butterflies" index="3" node_paths=PackedStringArray("targets_parent") instance=ExtResource("9_o0le3")]
transform = Transform3D(-4.37114e-08, 0.788011, 0.615662, 0, 0.615662, -0.788011, -1, -3.4445e-08, -2.69114e-08, -0.297101, 0.604563, -0.852682)
targets_parent = NodePath("../../Flowers")

[node name="Butterfly5" parent="Butterflies" index="4" node_paths=PackedStringArray("targets_parent") instance=ExtResource("9_o0le3")]
transform = Transform3D(-4.37114e-08, 0.788011, 0.615662, 0, 0.615662, -0.788011, -1, -3.4445e-08, -2.69114e-08, -0.297101, 0.604563, -0.852682)
targets_parent = NodePath("../../Flowers")

[node name="Butterfly6" parent="Butterflies" index="5" node_paths=PackedStringArray("targets_parent") instance=ExtResource("9_o0le3")]
transform = Transform3D(-4.37114e-08, 0.788011, 0.615662, 0, 0.615662, -0.788011, -1, -3.4445e-08, -2.69114e-08, -0.297101, 0.604563, -0.852682)
targets_parent = NodePath("../../Flowers")

[node name="Butterfly7" parent="Butterflies" index="6" node_paths=PackedStringArray("targets_parent") instance=ExtResource("9_o0le3")]
transform = Transform3D(-4.37114e-08, 0.788011, 0.615662, 0, 0.615662, -0.788011, -1, -3.4445e-08, -2.69114e-08, -0.297101, 0.604563, -0.852682)
targets_parent = NodePath("../../Flowers")

[node name="Butterfly8" parent="Butterflies" index="7" node_paths=PackedStringArray("targets_parent") instance=ExtResource("9_o0le3")]
transform = Transform3D(-4.37114e-08, 0.788011, 0.615662, 0, 0.615662, -0.788011, -1, -3.4445e-08, -2.69114e-08, -0.297101, 0.604563, 0.147318)
targets_parent = NodePath("../../Flowers")
